-----Results-----

Length of success:10
Length of Failure: 0

Success biases: 

[array([-0.86666667, -0.8       , -0.73333333, -0.53333333, -0.46666667,
       -0.4       , -0.33333333, -0.13333333, -0.06666667,  0.        ,
        0.06666667,  0.13333333,  0.2       ,  0.26666667,  0.33333333,
        0.4       ,  0.46666667,  0.53333333,  0.6       ,  0.66666667,
        0.73333333,  0.8       ,  0.86666667,  0.93333333]), array([-1.        , -0.86666667, -0.66666667, -0.6       , -0.53333333,
       -0.46666667, -0.4       , -0.33333333, -0.26666667, -0.2       ,
       -0.13333333, -0.06666667,  0.        ,  0.06666667,  0.13333333,
        0.2       ,  0.26666667,  0.33333333,  0.4       ,  0.46666667,
        0.53333333,  0.6       ,  0.66666667,  0.73333333,  0.8       ,
        0.86666667,  0.93333333]), array([-0.8       , -0.66666667, -0.53333333, -0.46666667, -0.4       ,
       -0.33333333, -0.26666667, -0.2       , -0.13333333, -0.06666667,
        0.        ,  0.06666667,  0.13333333,  0.2       ,  0.26666667,
        0.33333333,  0.4       ,  0.46666667,  0.53333333,  0.6       ,
        0.66666667,  0.73333333,  0.8       ,  0.86666667,  0.93333333]), array([-1.        , -0.93333333, -0.86666667, -0.8       , -0.73333333,
       -0.66666667, -0.6       , -0.53333333, -0.46666667, -0.4       ,
       -0.33333333, -0.26666667, -0.13333333, -0.06666667,  0.        ,
        0.06666667,  0.13333333,  0.2       ,  0.26666667,  0.33333333,
        0.4       ,  0.46666667,  0.53333333,  0.6       ,  0.66666667,
        0.73333333,  0.8       ,  0.86666667,  0.93333333]), array([-1.        , -0.93333333, -0.86666667, -0.8       , -0.6       ,
       -0.53333333, -0.46666667, -0.4       , -0.33333333, -0.26666667,
       -0.2       , -0.13333333, -0.06666667,  0.        ,  0.06666667,
        0.13333333,  0.2       ,  0.26666667,  0.33333333,  0.4       ,
        0.46666667,  0.53333333,  0.6       ,  0.66666667,  0.73333333,
        0.8       ,  0.86666667,  0.93333333]), array([-0.93333333, -0.8       , -0.66666667, -0.6       , -0.53333333,
       -0.46666667, -0.4       , -0.33333333, -0.26666667, -0.2       ,
       -0.13333333, -0.06666667,  0.        ,  0.06666667,  0.13333333,
        0.2       ,  0.26666667,  0.33333333,  0.4       ,  0.46666667,
        0.53333333,  0.6       ,  0.66666667,  0.73333333,  0.8       ,
        0.86666667,  0.93333333]), array([-0.93333333, -0.86666667, -0.8       , -0.73333333, -0.66666667,
       -0.6       , -0.53333333, -0.46666667, -0.33333333, -0.2       ,
       -0.13333333, -0.06666667,  0.        ,  0.06666667,  0.13333333,
        0.2       ,  0.26666667,  0.33333333,  0.4       ,  0.46666667,
        0.53333333,  0.6       ,  0.66666667,  0.73333333,  0.8       ,
        0.86666667,  0.93333333]), array([-1.        , -0.93333333, -0.66666667, -0.6       , -0.53333333,
       -0.46666667, -0.4       , -0.33333333, -0.26666667, -0.2       ,
       -0.13333333, -0.06666667,  0.        ,  0.06666667,  0.13333333,
        0.2       ,  0.26666667,  0.33333333,  0.4       ,  0.53333333,
        0.6       ,  0.66666667,  0.73333333,  0.8       ,  0.86666667,
        0.93333333]), array([-1.        , -0.93333333, -0.86666667, -0.73333333, -0.66666667,
       -0.6       , -0.53333333, -0.46666667, -0.4       , -0.33333333,
       -0.26666667, -0.2       , -0.13333333, -0.06666667,  0.        ,
        0.06666667,  0.13333333,  0.2       ,  0.26666667,  0.33333333,
        0.4       ,  0.46666667,  0.53333333,  0.6       ,  0.66666667,
        0.73333333,  0.8       ,  0.86666667,  0.93333333]), array([-0.86666667, -0.8       , -0.73333333, -0.66666667, -0.6       ,
       -0.46666667, -0.4       , -0.33333333, -0.26666667, -0.2       ,
       -0.13333333, -0.06666667,  0.        ,  0.06666667,  0.13333333,
        0.2       ,  0.26666667,  0.33333333,  0.4       ,  0.46666667,
        0.53333333,  0.6       ,  0.66666667,  0.73333333,  0.8       ,
        0.86666667,  0.93333333])]

Failure biases: 

[]